100
15
1 2
2 3
3 4
4 5
5 6
6 7
7 8
8 9
9 10
10 11
11 12
12 13
13 14
14 15
15
1 2
2 3
3 4
3 9
3 11
5 8
5 12
6 8
7 9
7 12
9 14
10 14
10 15
11 13
15
1 2
1 5
1 9
2 4
2 12
3 7
3 11
3 15
4 7
6 14
8 15
9 14
10 13
10 14
15
1 2
1 6
1 10
1 11
3 7
3 11
4 13
4 14
5 8
6 12
7 9
7 14
8 12
13 15
15
1 3
1 11
2 6
2 8
2 9
4 15
5 14
6 13
7 9
7 11
9 15
10 12
11 12
13 14
15
1 14
1 15
2 5
3 4
4 9
5 8
5 9
6 14
7 12
8 12
10 13
10 14
11 15
12 14
15
1 4
1 6
1 11
2 8
2 9
2 11
3 9
4 12
5 15
7 8
10 12
10 13
12 14
13 15
15
1 7
1 12
2 9
3 13
4 13
5 14
6 13
7 8
7 15
9 14
10 14
11 13
12 13
13 14
15
1 4
1 10
1 12
2 15
3 4
4 5
4 7
5 11
6 12
8 9
8 15
9 10
10 13
12 14
15
1 5
2 7
3 15
4 12
5 10
5 12
6 11
7 9
7 11
7 14
8 9
11 12
11 13
12 15
15
1 5
1 13
2 7
3 4
4 6
4 14
5 9
6 7
6 8
7 9
7 10
7 15
10 12
11 14
15
1 4
2 4
2 12
3 14
4 13
5 6
5 8
5 10
6 9
6 13
7 11
10 14
11 15
14 15
15
1 9
2 4
2 9
3 6
3 10
4 7
4 8
5 9
5 13
6 12
9 15
11 15
12 14
14 15
15
1 6
1 10
2 9
2 15
3 8
4 10
4 13
5 12
6 12
7 8
8 11
8 14
9 11
13 15
15
1 3
2 13
3 7
3 11
3 12
4 13
5 8
5 10
6 15
7 13
8 9
9 12
9 15
13 14
15
1 8
1 12
2 10
2 11
3 9
4 5
4 7
5 6
7 9
9 15
10 12
10 13
12 14
12 15
9
1 5
1 7
2 3
2 6
4 7
6 7
6 8
8 9
15
1 4
2 5
2 12
3 12
4 6
4 8
6 11
6 15
7 12
9 14
10 13
12 13
12 15
13 14
15
1 3
1 12
1 13
1 14
2 9
2 11
3 11
4 10
4 12
5 14
6 7
7 8
8 14
12 15
15
1 8
2 5
2 6
3 13
4 13
4 14
5 10
5 14
6 9
7 10
8 13
10 15
11 14
12 15
3
1 2
1 3
15
1 2
2 6
2 8
3 8
4 9
4 10
5 12
6 13
7 12
9 15
11 12
11 15
12 13
13 14
15
1 15
2 6
2 7
2 8
3 9
4 11
4 13
4 15
5 12
6 9
6 12
6 14
8 13
10 14
6
1 5
2 4
2 6
3 5
5 6
11
1 8
1 9
2 9
3 4
3 5
5 8
5 11
6 7
7 8
7 10
15
1 7
1 15
2 5
2 6
2 12
3 11
3 12
4 5
6 10
7 11
7 14
8 14
9 13
10 13
15
1 4
1 6
2 3
2 12
3 8
3 11
4 7
4 11
5 10
5 14
8 15
9 10
9 15
10 13
7
1 4
2 4
2 5
3 4
3 6
3 7
15
1 6
2 7
2 9
2 11
3 5
4 6
4 12
4 14
5 12
8 15
9 12
10 11
11 13
12 15
15
1 8
2 12
3 4
3 11
4 7
4 8
5 11
5 14
6 9
6 12
6 15
9 11
10 11
13 14
15
1 10
1 12
1 14
2 9
3 5
3 6
3 14
4 5
5 7
5 8
8 11
9 12
10 13
14 15
15
1 10
2 4
2 14
3 4
3 10
3 13
3 15
4 7
5 11
5 14
6 9
8 9
9 10
9 12
15
1 4
2 7
2 11
3 6
3 10
3 12
4 6
5 8
8 9
8 14
9 11
9 15
10 14
11 13
15
1 3
1 4
1 11
2 5
2 8
2 11
3 13
6 12
6 14
7 12
8 9
8 12
9 15
10 12
15
1 12
2 6
3 10
3 11
3 13
4 5
4 11
4 14
6 11
6 15
7 14
8 13
9 12
11 12
15
1 7
2 6
2 11
3 7
3 11
4 5
4 10
5 9
5 13
5 14
6 10
7 15
8 15
11 12
15
1 9
1 11
2 7
3 11
4 13
4 15
5 7
6 8
6 11
7 8
8 13
10 13
11 12
13 14
15
1 9
2 7
2 9
3 10
3 15
4 11
4 14
5 10
6 12
8 9
8 10
8 11
12 15
13 14
15
1 7
1 12
2 4
2 7
2 11
3 7
4 9
5 7
6 7
8 12
9 13
10 14
10 15
12 14
15
1 2
1 3
1 4
1 12
4 7
4 11
5 14
6 7
6 8
6 13
7 14
9 14
10 13
10 15
15
1 3
1 11
1 13
2 9
2 12
3 8
3 12
3 14
4 6
5 14
6 9
7 13
10 13
11 15
15
1 9
1 15
2 7
2 14
3 11
3 12
4 11
5 6
5 13
6 12
8 15
9 14
10 14
12 15
15
1 3
1 4
2 8
2 9
3 5
3 11
3 12
6 13
7 9
8 11
8 13
9 15
10 14
12 14
15
1 2
1 3
3 4
3 13
4 10
4 11
4 12
5 10
6 8
7 8
7 12
9 15
10 15
12 14
15
1 9
2 8
3 4
3 14
4 8
4 9
4 12
5 7
6 7
7 15
9 13
10 14
11 12
14 15
13
1 12
2 5
2 8
3 6
4 6
4 9
5 11
5 12
5 13
6 13
7 9
7 10
15
1 7
2 7
2 8
3 8
3 11
3 15
4 9
5 8
5 10
6 8
9 10
9 14
12 13
12 14
15
1 2
1 3
1 4
1 5
1 6
1 7
1 8
1 9
1 10
1 11
1 12
1 13
1 14
1 15
15
1 6
1 12
1 15
2 3
3 4
3 8
3 13
5 6
7 14
9 14
9 15
10 13
11 14
13 15
15
1 2
1 6
1 7
3 8
4 14
5 6
5 9
5 11
6 15
8 10
10 11
10 12
11 13
14 15
15
1 5
2 15
3 6
3 14
3 15
4 8
4 9
4 13
5 12
6 13
7 9
10 13
11 14
12 14
15
1 6
1 11
2 4
2 8
3 6
4 15
5 7
6 13
7 13
9 10
9 15
11 12
11 15
12 14
15
1 3
1 4
2 6
2 7
3 12
4 15
5 7
5 12
6 9
8 9
10 14
10 15
11 13
11 14
15
1 5
2 3
2 5
2 9
3 8
3 13
4 6
4 9
4 14
5 7
9 11
9 12
10 15
11 15
15
1 12
2 10
2 13
2 14
3 5
3 9
4 9
5 6
5 12
6 15
7 12
7 13
8 11
8 15
15
1 11
2 11
2 12
3 4
3 9
4 5
4 15
6 10
7 10
8 10
8 14
10 13
12 14
14 15
10
1 2
2 3
2 6
3 8
3 10
4 7
5 6
6 9
7 9
12
1 7
1 11
1 12
2 9
2 12
3 9
4 5
5 7
6 12
8 10
9 10
15
1 3
1 6
2 9
2 12
3 5
3 11
4 12
4 14
5 8
7 10
8 15
10 13
11 14
13 15
15
1 4
2 9
2 14
3 12
4 9
5 6
6 15
7 12
8 12
9 10
9 11
10 12
12 13
13 15
5
1 2
2 4
3 4
4 5
15
1 7
2 4
2 6
2 13
2 14
3 7
3 15
5 13
6 11
7 10
8 11
8 15
9 10
12 14
15
1 6
2 11
2 12
2 13
2 15
3 4
3 8
4 14
5 6
5 7
5 13
7 10
8 12
9 10
15
1 8
1 14
2 7
3 14
4 6
5 6
5 12
6 15
7 9
7 13
8 9
8 11
8 15
10 11
15
1 4
1 12
1 15
2 3
2 9
2 13
3 7
3 15
4 14
5 9
6 8
6 14
10 13
11 12
15
1 12
2 5
2 8
2 15
3 4
3 11
4 9
5 7
6 11
6 14
7 10
7 13
8 11
12 13
15
1 10
2 8
3 6
3 9
3 13
4 5
4 8
4 12
6 12
6 14
7 13
10 12
11 15
13 15
15
1 2
2 6
2 8
2 9
3 6
4 9
5 11
7 10
8 15
9 10
10 14
11 12
12 13
13 14
15
1 15
2 6
3 9
3 11
4 13
5 9
5 10
6 12
7 15
8 15
9 15
11 12
13 15
14 15
15
1 5
1 11
2 6
3 14
4 12
6 7
6 8
7 15
9 14
10 12
11 14
12 14
13 15
14 15
15
1 11
2 9
3 5
3 10
4 6
5 13
6 8
6 14
7 9
8 9
9 12
11 14
13 15
14 15
15
1 3
2 6
2 9
2 15
3 14
4 6
4 14
5 10
6 10
7 8
8 11
9 13
11 13
12 15
15
1 3
1 7
1 11
2 8
4 8
4 15
5 13
5 15
6 9
9 12
9 14
10 12
10 13
11 13
15
1 3
1 6
2 8
2 13
3 5
3 9
3 15
4 13
5 7
6 12
9 11
9 13
10 13
12 14
15
1 3
2 7
2 9
3 10
3 11
3 15
4 7
5 7
6 8
7 15
8 9
8 14
11 13
12 15
15
1 11
2 4
2 14
3 10
3 11
3 15
4 9
5 15
6 7
6 12
7 8
7 10
7 14
10 13
15
1 7
1 11
1 13
2 7
3 9
4 5
5 12
5 14
6 10
7 14
8 14
9 11
10 15
13 15
15
1 9
1 10
2 3
2 11
3 10
4 13
5 6
6 10
7 10
8 13
8 14
9 15
10 13
12 14
4
1 2
2 3
3 4
15
1 8
2 6
2 10
3 12
4 7
4 8
5 6
5 11
5 13
7 9
7 10
7 12
8 15
12 14
15
1 2
1 3
1 8
1 9
1 12
1 15
2 6
4 7
5 13
7 10
10 12
11 13
13 14
13 15
15
1 7
2 4
2 7
2 9
3 11
3 14
4 6
5 11
6 13
7 10
8 15
10 12
11 12
13 15
15
1 2
1 8
1 10
1 13
2 7
3 4
3 12
4 7
5 13
6 13
9 13
9 15
10 14
11 15
15
1 2
1 6
1 7
1 8
2 11
3 5
3 8
3 15
4 13
8 12
9 15
10 14
12 14
13 14
15
1 9
2 15
3 12
4 6
4 11
5 14
5 15
6 12
7 9
8 13
9 12
10 12
10 13
13 15
14
1 13
2 13
3 6
3 10
4 9
5 10
7 9
8 14
9 14
10 11
10 12
12 14
13 14
15
1 2
1 3
2 12
3 4
3 7
5 9
5 14
6 8
7 8
7 11
8 13
8 15
10 14
13 14
15
1 3
1 5
1 6
1 10
1 12
2 11
3 8
4 9
4 14
7 10
7 13
8 11
9 10
12 15
15
1 15
2 6
3 10
3 13
4 6
4 7
4 15
5 7
6 9
7 11
8 9
8 14
10 15
12 14
15
1 2
2 8
3 9
4 5
4 7
4 8
4 11
4 14
6 7
6 15
9 11
10 13
11 12
11 13
8
1 6
2 5
3 7
4 5
4 7
4 8
6 8
7
1 2
1 3
2 4
3 7
4 5
4 6
15
1 6
1 10
2 9
2 13
3 13
3 14
4 10
4 13
5 15
6 11
6 12
7 15
8 15
9 15
15
1 4
1 11
1 12
2 5
3 11
5 11
6 7
7 15
8 11
8 13
9 10
9 11
9 14
11 15
15
1 9
2 6
3 7
3 12
3 14
4 14
5 12
6 8
7 8
8 15
9 10
9 14
11 13
11 15
15
1 8
1 13
2 7
2 8
3 5
3 8
4 8
5 9
5 10
6 11
6 14
10 12
11 12
13 15
15
1 4
1 11
1 12
2 12
3 9
4 13
5 15
6 7
6 10
6 12
8 14
8 15
9 14
13 14
15
1 3
1 5
1 15
2 11
4 6
4 10
5 14
6 11
6 12
7 11
7 15
8 15
9 12
13 15
15
1 7
1 8
2 15
3 11
3 12
4 5
5 9
5 10
6 10
7 12
9 13
9 15
10 14
11 15
2
1 2
