100
1 2
11
01
10 10
0000101111 1010001100 1101011001 1111110010 0100111011 1110000101 0110000100 0001110100 1001101011 0011010010
0000000100 1010111101 1001000000 0110011101 0100110110 0011100011 1101010100 1111101011 1000011011 0111101010
10 10
0000000000 0001110000 0010001010 0110110100 1101001111 1111011010 1110111111 1101011101 0011100001 1000100111
0101110110 1000111001 0101100100 1010110011 0110000110 1011011000 1110001101 0000011110 1001001001 0111100011
10 10
1011110001 1101110110 1101000011 1011110111 0100000100 1011101010 0110001100 0000001010 0100111001 0010011101
0100010001 0010110101 1011001111 1101100110 1101111011 0010001000 0110000110 0000000000 1011111010 1101111101
2 8
00010110 10101011
10101001 00010100
10 10
1110101101 0000010011 1000011001 0000011000 0010100010 1001000111 0111100111 0111101100 1111110100 1101011010
0001111110 0111001010 1111000000 1000111111 0000100111 1111001011 1000110100 0110010100 0010001001 1101110001
6 10
0111001000 0000001010 0111110100 0000011111 0000110110 0111011101
1000100110 1111001101 1111011000 1000001111 1111100100 1000011010
9 10
1110011011 0011001000 1100001101 1001100110 1111000100 0011100110 0011011010 0010011011 1110010110
0011001100 0111111000 0100001110 0000000000 1110010110 1010000001 0011111001 1111111110 1011011001
4 9
101000010 011000011 010010111 100010110
111101010 000111111 001101011 110111110
9 8
00010100 00110100 11100100 00010010 10000010 00110110 10111001 00011001 10101101
01011001 10001011 10101111 00000100 10101001 00010000 10100100 00111111 10001001
2 6
100000 011110
110010 001100
10 10
0110101000 1101001001 0000011100 0110110101 1010111110 1001110011 0001101001 1011000110 1100000011 0111010110
1001111101 0100101000 0101011101 1000110111 1101000111 0011100010 1110001010 0010011100 1111110010 0010000001
1 9
000010110
011100000
5 7
1101111 1100111 1111011 1000000 1011101
0100101 0101101 0011111 0000010 0111001
4 7
0110111 1000000 0100011 1011110
1100000 1111110 0000011 0010111
10 10
1100101010 0011110101 0010001100 0010111111 1011010000 1101001010 0001100010 1100001101 1111010001 0100110111
0111010010 1010011010 0100111100 1101100000 0100001111 0101000101 1010111101 1011111010 0010000111 1001100001
3 4
0110 0010 1101
0011 0111 1100
1 9
100011001
110111111
10 10
0010101001 0000000110 0110111001 1100001100 1000001101 0011110010 1101010111 1111000010 0111111111 1001110000
1000100000 0010100010 1100000111 0110101111 0001010110 1101011100 1001011101 0111101001 1110010010 0011111001
10 10
0111011100 1010000110 1100111000 1011110000 1110101111 0100101011 0011010000 1000110111 0001000111 0101001001
1010000101 0101101101 1111011010 1000010010 0000000001 0111111010 1100011101 1110101100 0011110110 0001100011
10 10
1110101010 1111101000 1111101111 0011010000 0000010101 1100101101 0010010101 0010010010 1110101101 0011010111
0010010011 1110101011 1100101100 1101101110 0000010011 0001010001 0000010100 1101101001 1100101011 0001010110
10 10
0111100000 1101000111 0101011110 1010101110 0010011001 0110111010 1001100101 0000010100 1101011001 1010100011
1100011001 1110100111 0001010111 1001100000 0001011010 1101000011 0110111110 0110100000 0010011100 1011101101
10 10
0000101011 1011010101 0100011101 1100100011 0011101000 0110111110 1100100100 1011010100 0011000010 1101011011
0111000111 0000110111 0001001000 0111000110 1111111011 0000110000 1100111000 1000001110 1111010001 1010101101
10 10
1001011001 0100001111 0110100010 1110111110 0111000110 0001111000 0000001101 1110110001 1011000011 1001110100
1101101000 1010100010 0100010001 0010111110 0101100100 0000010011 0011011010 1111011111 1010101101 1101000101
10 10
0010011011 1100100111 0010000101 1001101001 1111011101 0000001110 1000110010 0101100100 1111010010 0111111000
1110001100 1000110111 0010000001 0101111110 1000111000 1011000010 1111010111 0101100000 0111101011 0000011101
1 2
10
01
10 10
1100101011 0011000111 1000111100 1001101001 1010100010 1111010101 0111011101 0110100100 0101011010 0000010010
0101100111 0110110010 1010100000 0000101111 1001011110 0011010001 1101001001 0010101000 1100011100 1111010111
2 8
01000011 01110111
11000000 11110100
6 6
011111 010010 101111 100010 011010 101010
100011 101011 011110 011011 010011 101110
10 10
0010110011 0011101101 1010001000 0111111111 0000110111 1111100101 1101011010 0000001000 1100010110 1101000000
1001000100 1110110011 0100010110 0011000100 0110101001 0101011010 0100001100 1001111011 1011111111 1010100001
4 8
11100101 00111110 01101110 10110101
01001110 00011110 10010101 11000101
3 6
110001 011110 100110
111100 010011 000100
2 2
10 01
00 11
2 9
001001110 001101110
001110100 001010100
5 7
1101000 1001010 0111110 0000111 1101111
0001110 1101011 1111100 0101010 1001110
10 10
1000101010 0100001101 0101010010 1110000001 0101111001 0011101101 1110100110 0001010100 1010111111 1011010010
1110010110 1110110001 0101000101 1010101000 0101101110 1011000101 0100011010 0001000011 0011111010 1000111101
5 10
1011000000 0010011000 1110000001 0111000100 1110101111
1111110000 1101000111 0010010111 1111000111 0100110011
10 10
0110111101 1010000000 1001011100 0000010111 1001111111 0010001001 0101100000 1101000111 0111101010 1110110010
0010011111 0110100111 1001101001 0010111100 0001100000 1101011101 1011110111 1110000000 1100001010 0101010010
4 10
1100010111 0101100100 0100000111 1101110100
1100000011 1101100000 0100010011 0101110000
7 7
1010101 0001110 1100101 1011101 1110111 1111000 0101001
1111110 1111100 0000100 0000110 1001000 0110011 1111111
10 10
0101001001 0000001101 0001110000 1011100111 1100100010 1110001110 0010011011 1111011101 0011110000 1100110110
1100101010 0001101100 0000111111 0010000111 0101010110 1101000001 1011111000 1110111100 1111000001 0010010011
2 5
00110 00111
11100 11101
3 8
11000011 01111100 00001101
11000010 10110011 00001100
5 6
110001 111001 101111 011110 010101
010101 011101 110010 111001 000011
10 10
0010010101 1110111000 0100000111 1010000111 1001011010 1111111111 1101100000 0011001001 0100111100 0001100010
1010011101 0101101000 1100110100 1001101010 1011000001 0110110000 0001010010 1100001111 0010001111 0111110111
6 7
0111001 1001001 0110101 1000101 1110111 1111011
1101011 1100111 0100101 1011001 0101001 1010101
8 8
00000110 01011110 00010010 11100111 10100001 10000000 10111011 11111101
10100101 00010110 00110111 01010000 10110001 11101001 01001010 00001100
5 9
010111011 010010101 101001011 001001010 100111101
111001010 100010101 111100100 001100010 000010100
3 4
1011 0001 1100
0100 0010 1011
10 10
0011000110 0010111010 0011001011 1100000000 1100010001 0001101100 1000100111 1111110100 1100111111 0111011001
1010011010 1001001100 0011010001 0111110110 1000111101 1000110000 1100101111 0111001001 0111100111 0100000010
10 7
0111011 0100000 0001110 0011011 1011101 0000011 0101110 0000000 1111101 0100011
0000010 0111001 1100100 0100010 0010111 0011010 0011001 0111010 0110111 1000100
8 9
011000000 100001010 001100101 111100001 010000000 101010001 110111100 111011011
000001001 000010000 000110100 110101010 100001000 110000010 001100010 010011010
2 10
1101110011 0110010000
0011001001 0010111100
2 8
00111010 11001101
01111101 01100010
10 10
0010001011 0011110011 0101010010 1111110110 1110100111 1010001100 0001101100 0100001101 1000010001 1101111000
0000010100 0100111111 1011110100 0101101110 0111100000 1000010011 1110010101 1001101011 0010001001 1111001010
7 9
101111110 000111111 100001110 100000011 111000100 111000010 011011101
111111111 100111000 100110101 011100110 111111001 000000100 101000101
4 7
1101001 0101100 1110101 1001110
0010010 0101011 0011101 0011010
9 8
00011100 00100010 11000110 01101111 01001001 00111110 00010011 01110000 11000010
10001000 01111000 11100110 01100101 11011101 00110000 11000110 11111010 10011100
10 10
1110111100 1001000000 0101000011 1010101111 0000110101 0010001100 1110010000 0001111010 1101000011 0111111111
0111011101 1100001110 1011011110 1111011101 0101100001 0011100100 1000110001 0000010010 0010101011 1100100010
8 10
0000001000 0000000000 1111111111 1110110111 1001001000 0110110111 0110111111 1000000000
0111110111 1000000000 0001000000 1001001000 1110110111 1111111111 0001001000 0111111111
10 10
1001100000 0011011011 0010011001 0110110101 0001001110 1100100010 1001000001 1100011110 1111100101 0110111110
0111101101 0001101000 1100010100 1000110011 1101010110 0010101111 1000111000 0111001100 1111000011 0010010011
2 2
00 01
11 01
8 10
0111111010 0011110110 0011110010 0100101010 1000001011 1011011011 0000100010 0000100110
1000101010 1011111110 0000000011 1100100010 1011111010 1000101110 0011010011 1111110010
10 10
1010100111 1100111111 0100000011 0011101101 0011010000 1110110010 1101010000 0001101100 1101001001 0010011110
1110111110 0111101101 1000100011 1001010000 1011010001 0111110100 0100001111 0000011010 1001101101 0110000010
3 4
0110 1111 1110
1110 0110 0111
8 10
0101001000 1001110011 0110111000 0100010100 1101011110 0010010000 1111101011 0001000100
0001010101 1101111100 1101000011 1001000011 1001101010 1111000000 1000111001 0001100010
1 10
1100110010
1011000110
10 10
1110110110 0101000101 1010010000 1011111110 0001111011 1111110110 0100101100 0001000001 0000001001 1110001011
1110110100 0100010011 0000001000 0100101110 0101101110 0001100110 1011100011 1011011001 1010010001 1111011101
1 3
011
111
2 6
101001 110010
110101 000010
2 3
101 111
101 111
8 9
001110001 100100111 110100100 111000000 000101110 001110111 001111010 100000111
000000001 111100001 010111001 010111011 000110110 001011011 110101110 011100100
2 10
0011110011 0101001110
0100001100 0010110001
3 10
1011110111 1000111110 0001110011
0001101010 1101001000 0111110101
2 6
001101 101100
001001 101000
6 9
001110101 110100110 000110110 111100101 111001100 001011100
001011000 111100001 111001000 001110001 110001011 000011011
10 10
1101011101 0001000000 1000101100 1000010111 1010111011 0111101010 1011011000 0111100100 0100000111 0110110011
0101111100 1001001110 0100011111 1111100100 1010100011 0110001000 1001000000 0011111001 0110110011 1000010111
10 7
1001010 0111100 1011100 0101001 1001110 1001111 0000111 0110001 0111111 0110000
0011111 0100011 1110010 1000001 0111101 0100100 0000100 0111110 1010111 0001101
2 5
00110 00000
00110 00000
4 6
111001 011001 010101 001110
110110 111001 101001 101101
8 6
110011 001101 101001 110111 011111 100101 111011 100001
110010 111010 101100 100000 010110 111110 000100 101000
10 10
1000111001 0010011010 0111100000 0000000101 1000001111 1101100010 1111100101 0111011111 1010010100 0101111010
1010000111 1111110110 0101101001 0111001100 0000010110 0111110011 0010001001 1101110001 1000011100 1000101010
7 7
1110000 1000010 1011001 0101100 0111000 1110001 0001011
1100110 0110100 1111101 1001110 0010011 1001111 0000111
10 10
1110010111 0001111001 1010010111 1110001100 0101100000 1000001001 0001010100 1010100010 0101111011 0111101110
1101001001 0110001010 1001010010 0010100101 1001001001 0110100111 0000110000 1111010111 0010111110 1101111100
5 9
011010110 111111001 110101100 001000111 111110010
000100110 100000001 000110111 110111001 000011010
10 10
1000111101 0010001101 1001110000 0001101011 0100001110 0010010011 1111010100 1101100010 1110000010 0111111101
1010100011 1011110101 0011011100 1001000011 1100011100 0000101111 0110101100 0110110010 1101010001 0101001010
10 10
0000111010 0001100011 1000110101 1101011000 1111001111 0110001001 0101001010 1011100100 0110010111 1010110100
1000010000 1111100100 0100101011 1001001001 0001000110 0011000111 1100111001 1111111010 0110111100 0010010111
10 10
1101011001 1101110100 0010110001 1110111110 0110101011 0001000011 1001101110 1101000100 0010000111 0010011000
0101111010 0001010000 1110001100 0001001101 0001100000 1110010011 1101010111 0010101010 1010111111 1110100101
10 9
001001101 110001111 001101010 001000111 010001000 011100001 011010011 011011001 101111001 111111011
000110111 001011011 000100010 100111100 100000001 010000011 011101100 001001100 100011111 110101101
10 10
0010001010 0111111101 1101000111 1100111001 1001010110 1001101000 1011011011 0100000110 0010100001 0110110100
1000000011 0101101101 1101010010 0011001010 1010110000 0011100001 1000111101 1100101100 0111011111 0110010110
10 10
1010011010 0000101010 0110011101 1101111101 1011100000 1101000110 0101000101 1110101001 0000010011 0011110110
1000110111 1111101011 0101011011 0101100010 1000001100 0011101100 0000110100 1110010001 0110000111 1011011000
1 2
10
00
8 7
0011010 0001010 0000000 0111100 1010100 0100011 1010001 0100001
0110100 0100100 0010010 1111111 0001111 0001101 0101110 1111010
10 10
1000101110 0011100101 0111000001 0000010011 1101011110 0110110000 1110000111 1111111011 0001011100 1000101000
1101011101 1100101100 1011111110 1010110001 0011000101 1000001000 0101101010 0110110011 0100010110 0011000011
1 6
001010
010000
4 5
10010 00111 00101 10000
01111 01101 11000 11010
10 10
1101010101 0111100001 1100101111 0001111110 0010101000 0011011000 0000010111 1100001011 1010000100 1111110010
1110100000 1000001011 0101101110 0011110001 1110000100 1101111101 1111011010 0000100111 0010011000 0001010111
8 8
00001010 10101101 01010100 11000100 10011001 10001111 01000111 01111101
11101011 00111011 00000001 01001100 00010010 11011111 11001001 10000010
6 8
01110000 00000101 10101000 01011011 11101001 10010011
00011110 11101111 10000110 00110111 11101001 00110110
2 3
100 101
110 111
