9
300
7771 8351 9619
8219 9157 1511
1047 7438 4613
568 7412 4088
2058 3910 8358
7 9997 439
3840 5021 4379
523 7986 7571
572 9340 4791
3710 9909 2014
73 6539 4682
2601 9035 5834
7 4213 2318
1028 5196 6649
3092 8346 7187
1581 4310 9359
407 4237 1466
237 9869 3747
462 946 6816
1304 8174 9527
5394 7611 2997
1704 6002 8828
1475 7315 4781
888 9760 8626
329 9521 625
26 7918 908
1435 7438 3545
8108 9561 5024
1615 4428 2940
1510 5937 2464
632 5027 6105
2187 3577 2537
1362 3296 6919
1028 9684 214
4804 5494 6509
341 9869 6866
7 9106 1723
1523 8364 9105
80 8498 5638
1907 8346 3409
1657 9051 7135
2503 4310 7848
6596 6829 1382
1547 4220 2758
3820 5338 2274
3856 9997 9819
73 9566 4751
3760 9051 8537
1784 9226 1273
3546 9521 3424
4742 6894 4515
3748 9967 6598
987 9226 5797
1588 4277 5948
774 4881 9323
5158 7212 9250
5799 8260 6637
1656 9054 1380
1946 8326 2149
1214 9459 4589
3172 4673 4810
1852 6316 1621
998 9177 7558
568 9561 9540
1784 7093 484
2876 4859 545
1784 8104 9294
34 9997 2101
2091 9524 773
6988 8839 4596
3302 8262 9682
5196 8478 6814
228 8346 3839
1462 7440 8489
2334 9626 9874
3823 7412 3915
998 9959 3134
4894 7832 5929
2051 9177 3541
4432 5625 890
1214 7928 7751
6934 7860 8638
926 7952 149
1475 7860 783
346 9852 6489
1718 7836 6587
3718 6357 3976
1615 7219 7996
1028 7543 26
1762 9659 2215
1028 6958 5502
334 9014 1048
1615 9959 474
361 9521 7689
1839 6316 5881
334 9869 4588
3748 7969 4355
3440 8712 8123
6231 9035 7049
2884 6438 5553
568 8364 4581
4582 5527 6519
80 9894 5476
905 9858 7995
3521 6006 2564
1510 9529 9055
1664 4793 7734
407 6677 1735
1581 6562 6986
1124 7730 3380
998 6949 1805
3632 7844 2717
1286 7648 8401
2214 7668 9005
1343 9260 4368
7511 9226 977
763 9337 9067
7296 9167 5317
523 9106 7724
1789 9869 6312
3139 8478 5999
3109 4742 8639
632 9511 8927
5376 7088 6393
4298 7844 6020
948 9659 42
317 7170 5748
5766 6357 1142
3583 4495 697
26 9157 7814
3773 8368 1693
26 9967 5970
1462 6677 4459
3544 8194 1691
1789 9340 5662
3278 3518 2581
7611 8181 560
2051 2091 7331
2543 9184 4629
5406 9302 9439
3541 7733 7845
619 8620 5299
2206 9869 7222
220 9524 5661
774 9639 2326
1615 6006 1584
443 7952 762
580 5714 5278
26 8989 4098
4442 8262 7647
1462 7088 5886
5579 5989 3868
2051 9177 3880
2957 4284 7552
1907 4742 4925
8840 9735 2018
6948 9521 5224
1693 6325 6643
329 8219 1063
2957 4442 5532
5886 6539 7864
619 4571 6103
1044 8326 9865
4281 8600 2664
2254 8156 3488
2620 6297 4348
755 8260 4178
2726 9167 3537
443 6840 2458
998 8983 5569
3129 8368 2310
396 7623 524
1167 8363 4566
2991 4360 8953
568 9852 2049
407 9950 6181
1789 8389 9282
3518 9967 2115
3081 9177 2660
1462 8309 2310
926 9235 7769
2155 2813 2216
1704 9184 2224
3075 3840 1670
2520 4353 4459
1969 9091 9163
2002 3916 7800
1214 9337 8296
152 8989 943
5705 7730 6801
6297 9454 7755
2773 9852 1668
7 9869 4642
3906 4570 9245
3870 3968 1789
3162 7093 2112
4744 5380 8210
822 1969 6964
237 8478 5559
4649 7511 9156
4827 7543 3322
1946 3632 368
998 9337 815
987 6002 1934
392 7170 2675
317 7279 1440
7219 8498 761
5500 9828 6270
998 9566 6435
483 9235 3913
5637 7593 1015
2723 8843 8213
237 4844 1369
1704 2058 9060
3224 7675 5658
774 3875 9270
2458 9659 5410
2255 7219 1878
2451 6948 3321
2054 8983 4329
1664 1852 4407
3773 8847 8604
2723 7918 1293
3546 7827 763
1713 8620 2611
6217 9561 8624
5196 8498 913
9051 9090 4040
1317 7440 1320
1417 3870 8312
1523 9081 4170
334 8841 1272
1417 2214 3633
1435 4107 8419
1523 6949 7564
568 8552 6446
220 9716 3801
3099 8003 9444
1304 4657 9645
910 9566 4486
3440 7648 583
4205 6169 8952
1789 3906 7803
317 5358 1210
755 9906 1880
869 6050 1821
4307 4850 6654
3192 8839 8142
5158 7648 1809
3665 6579 3680
819 5573 1731
619 8191 9425
1878 8791 5365
114 8207 4492
25 9735 6623
2027 4742 1666
2224 6438 946
1510 5579 9025
572 799 2646
5940 8364 6777
34 9959 2432
899 4742 7428
5365 8262 9389
4237 4657 4651
364 6798 5279
2018 5135 5190
5989 6330 829
1839 9521 2348
231 8609 5542
5620 7800 55
248 5637 372
580 3479 9780
7 9997 7229
6037 9235 3226
5526 6958 6276
8498 8882 7315
1362 9906 5459
2876 9735 64
3541 8431 9273
3988 5867 4892
317 8181 602
910 3546 836
361 9352 5019
3840 6486 2163
1664 9280 5816
523 8129 6248
3192 8364 1476
4054 9091 2446
220 9014 885
6840 9959 3088
1784 9459 8535
577 9716 3304
1789 6829 1175
1167 9760 1536
4881 8899 5390
905 8899 4367
568 2451 3657
632 8104 7735
619 1704 5302
523 1435 8251
299
1023 4189 789
4427 9368 2007
5645 6544 7215
5405 9518 6796
3941 8431 8919
841 6939 2726
5690 9690 228
31 5175 8126
344 4723 7999
289 4435 4859
1129 6762 5301
1051 5184 4374
6066 9199 5678
1 6842 6681
764 8179 4794
1129 3951 2767
3526 9729 3318
1781 9504 9370
6633 8232 1778
1030 2507 7922
2579 3647 5033
219 8431 4103
4555 8411 17
7588 8411 1353
8881 9858 6037
253 606 454
516 3906 6477
264 5690 9712
6161 7534 6936
841 7070 5984
4723 4802 6623
1478 5319 8697
78 1778 1510
7688 9220 4978
5457 7551 5898
262 4881 9538
2869 8332 2273
5510 5951 3385
2764 2978 999
2009 9478 3115
6989 9275 942
803 9398 9781
1781 2669 6709
2774 4141 4701
1803 6666 3140
6906 7210 6819
31 7588 8505
3189 9103 7867
6006 8881 627
8246 9111 8561
2920 5175 5943
6301 6842 4157
4953 8777 7305
3614 3910 1755
2183 2764 8860
78 446 7360
2183 9032 1355
2545 3449 25
1781 9569 6730
803 4041 4757
713 3951 6441
2507 4395 4756
3278 7703 2047
1126 5197 6174
3424 3546 2115
4189 6114 2119
5362 5457 9371
4519 8060 8848
75 9302 286
516 6406 8330
2213 9471 2448
1458 6120 3579
7738 9555 7857
4744 7102 8341
2756 8009 3379
4131 9076 5167
4915 6649 4171
1080 5773 1600
620 2319 5319
3278 8767 2308
5864 6006 1125
7588 9471 4066
5454 7534 5285
1110 4292 8440
2277 8704 1636
8918 9731 1029
3658 9478 6682
1607 4555 6301
4189 7994 3558
2848 5825 4240
148 1023 398
634 3827 7529
6003 8416 388
5319 9832 4670
4118 8457 6548
375 5951 839
1956 8881 3309
6252 6748 3330
6989 7349 2452
922 4953 4608
5065 8441 8129
1020 3827 1812
7240 9032 2885
1129 4802 1908
8246 9103 868
7240 9790 3144
2183 6055 2958
4399 8744 1778
3906 9169 257
3723 7440 7363
6066 7976 1755
1641 7282 8204
1057 2844 3481
6074 6601 6517
509 4921 8455
5825 6933 4579
3508 9275 8621
229 5930 909
4817 9396 447
753 5318 4442
1153 3941 3483
764 2183 4321
1708 2009 834
409 764 7059
3043 6902 4017
1792 9111 4607
4925 6409 3315
2869 6989 2506
4041 7973 2804
7598 8777 5716
2658 5985 3147
4495 7534 5927
1268 7459 5869
4474 5175 2209
1173 7736 502
3260 9471 7967
1956 8088 4099
8321 9111 1856
5362 8742 9366
627 2808 3238
922 8010 4482
7967 9116 3909
852 7572 7018
4915 7517 3641
4027 4763 294
4154 6358 1784
2277 7797 2688
2808 6270 7980
1507 7944 4918
2213 7591 3950
2528 8043 5869
3459 3906 508
7179 8918 8541
3173 4427 800
763 2255 696
4976 7349 8597
3260 7257 6407
3288 3833 6495
3274 3442 1366
2702 3131 3824
3424 5184 9584
3008 7440 848
6184 9140 7191
1515 6933 7184
4020 7565 6685
1129 4925 8899
4802 6817 5441
891 8747 6760
412 4303 8361
3658 9487 5959
6959 9509 2793
75 225 9695
1285 4495 574
6263 8431 2447
6880 8054 5308
2913 6114 9449
6998 9937 9357
2764 2942 7721
4474 5905 2518
1871 9690 7723
509 9242 4581
2632 9323 5312
4363 6120 3128
4399 4495 3864
1173 6263 1023
6544 7682 1653
6120 6762 1646
1763 4881 112
2335 8719 9897
662 6576 8719
289 1057 7696
823 3988 5469
668 3857 6533
7563 8422 4430
3450 5951 6344
2364 6989 5310
751 3216 6580
5710 9734 9242
375 1239 6406
6882 9302 6434
1612 4041 1635
2623 2704 8449
2920 8916 6571
7381 7466 2926
2942 8222 6311
215 627 9331
2702 3405 488
1641 3131 6436
2636 4744 3951
3773 4495 5549
253 4921 2602
5216 8887 6042
8431 9076 1181
1969 7967 7497
2545 8411 8853
9103 9169 2625
302 1778 6816
2158 6055 368
2035 8772 2448
2545 3189 2954
494 4476 4250
1400 8321 3089
516 9242 2235
4921 6748 7277
6104 7706 6291
6301 6748 1974
7102 9070 2338
1458 5135 7611
3833 6933 3386
5614 6541 6068
3186 8210 2091
3112 3833 5793
2920 3450 2917
1956 4639 6387
3508 8135 5480
3127 6666 2857
1792 5710 7850
2507 2933 945
1129 2049 1282
7960 9079 6459
4380 8402 2024
369 1483 3284
7598 7973 9927
4348 8332 3133
302 5905 3103
888 3449 2337
2811 5550 6163
370 6406 1396
1296 3954 8403
446 5197 2336
8246 9734 9795
215 1401 7734
310 891 9241
767 3449 2904
479 6666 9645
5565 7832 8460
2833 9690 1322
1506 9487 6919
2978 4555 2861
4269 5976 8886
1778 6386 1061
163 8007 4181
1051 9969 4037
1551 4915 7194
5405 7976 6390
3131 6622 9809
1043 2811 3955
1239 4569 9381
1338 4189 3383
3173 5951 890
33 5457 1064
229 9571 9577
2255 3857 6063
2774 6304 448
620 4278 8570
3112 5065 3530
4474 9569 7665
6069 9365 3489
2395 8457 6047
2902 8043 6444
3424 5825 663
5362 7240 1203
1349 6544 5797
4435 7440 3684
5065 5116 4121
627 2395 6751
1515 4284 2738
3508 5767 7051
4303 6633 2960
1153 9701 3325
1892 5462 3385
2600 4915 4199
253 1285 6299
7960 8881 3722
4111 6161 3661
7027 9102 5208
706 841 5469
3723 6533 4750
2636 5450 8784
300
779 9446 952
90 6230 8497
4689 9221 2482
17 2256 2483
3973 9914 914
1481 5890 4575
3656 8419 2034
4602 9856 3172
2349 8426 2006
724 7087 5672
880 2054 6568
1742 9823 7489
5044 5444 9098
3124 5242 5300
2587 5377 9189
1969 7268 9855
4795 6099 8714
1578 6742 1573
474 9038 8465
3764 6725 9143
5908 7360 214
1056 7951 1356
1014 3131 5951
663 7604 1847
7591 7637 1693
73 8480 5563
3032 6903 7117
2628 5785 1562
1175 7680 720
1861 8651 5691
6979 9710 5258
1699 7857 374
16 3229 8590
233 8659 6036
963 6581 1546
1399 3711 8739
1523 2857 9483
893 9921 4869
2799 5031 5363
2576 9597 9323
7743 9085 5124
698 5483 2983
1923 8936 6739
924 9350 8193
4387 8693 9942
2552 8411 6580
773 9158 5259
1032 5802 1043
8574 8750 5505
2367 7116 9813
111 9979 3109
1076 9643 5606
315 9638 5012
381 4634 3629
3501 6963 6951
3789 6037 6670
4592 9938 7404
3382 6846 3565
3220 4560 3067
1284 8344 5684
1559 8974 4402
4021 9156 7184
231 9773 4401
5912 8179 996
3387 5123 3002
4284 9431 4670
2180 6994 8386
5277 7345 6335
1023 8543 3387
4578 9562 8550
5943 9006 204
6991 8507 3471
703 7413 4981
3551 7628 7825
1713 8500 195
1221 8785 8384
2203 4472 8972
5753 8202 7216
2700 3992 510
2642 6362 4359
1069 2387 1279
2736 8270 4377
2840 7777 9259
481 913 3640
214 8068 4798
7223 9470 2386
5073 9349 6722
2644 3513 5209
431 5920 4117
7001 9642 6510
1492 9295 8073
644 9034 9558
2240 6524 4500
5420 7282 3653
3429 9983 8010
3313 4993 3278
542 4509 7774
670 7317 2587
3947 8900 4052
1529 7932 5554
209 9354 5643
204 8029 3578
2746 3540 6477
2866 9209 5672
5062 6776 8989
2869 4979 6621
4834 9931 3304
1881 7987 5305
1294 8881 8895
4879 5710 8231
8250 9389 4025
68 9896 3905
3427 4279 2249
4633 6942 8313
3056 7687 8442
2655 9910 1081
925 1771 1318
5538 9962 3170
5079 9191 903
1407 1552 8631
2894 9639 2865
1048 9599 5325
1600 8717 8271
2928 9655 6203
8704 9529 9125
452 6414 5046
3852 9255 7245
4192 8888 6198
1226 1715 4492
299 8031 2530
3758 6588 9513
437 8529 3787
6460 7804 8929
3556 6934 1415
3492 5612 9620
7174 8039 2533
8987 9127 3126
2369 8993 4701
353 9941 2562
2910 6365 8308
2184 5984 7465
9769 9949 6761
4174 8178 3749
3749 9873 7028
316 747 4911
5476 8613 5839
1391 4470 7245
228 9749 446
869 9339 4962
2618 6656 1697
4779 5893 5632
4681 7961 9632
764 9849 9021
447 9260 1125
143 9333 5794
248 9706 8504
50 8794 652
8454 9322 3131
3367 8639 8490
5733 6597 7571
68 8605 2903
2 9543 3055
4163 9295 9109
1345 9579 6344
5539 9347 8878
1868 4258 3628
144 8152 5829
299 9519 5902
1670 5904 1252
2339 4975 4440
90 9553 3774
6365 6464 3069
3739 8461 5439
2638 9974 984
1357 7005 6730
671 2341 3939
2064 9020 8451
1147 8897 7509
3922 7496 4262
4794 7690 7321
141 9896 4732
819 9248 8480
3482 4097 1842
2486 9466 6544
2478 8816 3708
380 1424 5481
16 8988 364
901 2935 9010
2013 9943 901
2500 7599 8174
661 6645 4751
2107 8065 9887
2092 9819 283
809 8814 1401
3852 7295 9582
2688 3700 2761
8195 9715 1861
1586 7725 2709
2451 3376 263
3971 8829 9422
2376 9784 4627
1633 4420 2353
392 9900 5670
1178 5055 2720
409 5220 8134
59 9599 4993
22 9755 9940
3443 7373 5072
1322 2784 7897
859 8343 9030
1451 4763 5789
4770 6633 9259
2359 3925 1567
679 3716 7257
494 3748 6522
8741 8880 9420
335 6649 7783
1064 1819 1976
176 7251 7359
5130 9919 4833
1322 8733 2571
2849 6939 1677
11 9213 8387
5113 8752 6633
128 3950 4167
3392 8169 569
91 9188 4953
1392 8113 2827
113 7063 9602
857 9984 1892
170 9862 2768
1256 8891 3206
493 4654 8264
874 9651 3611
312 8836 8319
572 8786 4168
3390 9195 2504
444 6219 5970
155 629 6932
538 1900 9639
437 9525 3120
460 9006 5867
877 9310 788
3267 6748 2151
7 8312 862
291 4871 9794
4085 8110 2013
4326 8861 4358
2395 9261 6100
198 9873 7301
478 9811 2793
234 321 5146
2967 3739 2389
379 9386 9260
569 9001 2392
3762 9796 8654
3862 8868 8615
643 6671 7227
1218 7039 7317
2139 5056 7542
2913 9355 3440
755 8426 7780
771 3428 3766
886 9611 6014
5749 8819 8134
1885 9265 4797
42 9912 3818
2055 8400 6757
1439 5601 526
4416 8209 1112
787 8970 5450
3080 9501 5715
200 8833 1420
1921 5175 6058
3996 9341 1778
3367 8161 9442
380 4980 5195
4992 6942 1049
5447 8409 4065
4821 6159 3990
5041 8123 4476
4573 8935 1019
94 6942 8764
2198 6674 3749
493 5162 7936
550 9574 3716
3663 8821 6095
588 7081 39
7330 7970 6421
223 8387 5263
284 9103 4106
2986 5197 6388
3333 7760 6242
5547 8418 7431
2988 4510 9618
1446 9641 9991
401 7509 643
8622 9916 8095
1413 8511 9104
234 7335 547
300
66 9906 3534
7 344 6220
1368 9542 7967
4325 4729 6545
3695 8719 4365
1490 7289 3202
190 9294 2499
4049 5171 7448
2583 9548 5451
2787 9218 570
3694 9299 3148
1031 7017 1306
1798 3733 5120
4227 6110 7000
9356 9662 7046
3211 8246 6842
2183 5696 2807
5101 7581 7388
517 8945 622
3363 8524 5282
2165 9842 6630
744 8705 8772
692 8915 799
921 5392 8952
133 9708 7014
1028 6086 8249
6668 7366 5351
7699 9717 8963
4853 9913 827
6045 9803 9103
246 8622 1632
9323 9662 1004
1891 8706 7086
5442 6171 4197
4306 6786 8881
1085 9761 9150
2576 6111 910
3626 9786 6658
5622 8041 7490
4884 9415 1560
1572 5245 3085
4312 9762 1565
1790 6056 4657
1918 7137 7480
1959 2153 3385
232 9724 2122
226 9960 7827
5001 9432 6012
1169 7231 4064
3661 9881 5307
1057 9540 2318
1021 3132 4432
1336 9565 4067
3641 7119 1078
1835 5746 8064
1038 1722 4743
1033 9888 3011
625 9748 7273
2789 9457 3789
3600 8569 6089
190 9555 3275
5281 6680 6978
18 9841 905
3095 7715 5790
750 7266 2180
897 2053 5309
2852 8486 678
4405 9472 9196
997 6611 7520
267 9962 5843
1800 6804 5724
3709 7341 248
261 4452 4626
8483 9432 2572
7400 9687 8861
243 5477 3230
4628 8659 503
514 8923 5803
3252 4472 7845
2868 4554 693
275 6304 9653
5657 8388 9745
2369 9436 5402
251 7518 688
2319 9126 3034
8787 9969 6854
4308 6963 539
37 1702 3451
2837 8589 2862
3510 9841 8914
365 5573 7694
2625 7536 2477
765 6021 2944
4070 4884 1
1957 4996 9435
376 3569 9779
6857 9289 2693
3504 8311 8855
462 9011 3811
1602 9292 5082
1617 3543 1214
439 9862 1579
4663 6896 6423
4710 9255 9428
3406 5460 461
2890 8353 8384
4091 4100 5480
2130 5013 5901
6930 9427 1799
4378 7612 1020
2921 6535 608
1030 3862 215
252 5451 5938
699 6900 3177
501 5188 8972
101 9146 2708
5675 7716 1238
1247 7574 1452
330 7062 448
317 9324 6495
146 9631 9451
2968 6340 6065
334 9077 5164
7176 8031 3340
1935 2455 6945
23 2382 8117
229 9793 284
1917 9649 2489
441 528 7234
1471 8229 1035
4078 9515 2620
695 8745 9555
2183 9367 3418
1880 6952 6983
2201 6877 6029
3921 5135 8312
668 816 1272
8 9912 388
1621 9734 1560
2006 7695 9291
1449 7313 4599
2273 7690 8093
2095 7692 2691
4296 9063 4330
2045 8008 8890
2859 9895 5342
2311 9342 6393
1163 9153 5984
1486 7724 2862
5227 6900 6530
3704 7004 7131
493 9515 466
2564 6360 8953
324 9849 7753
927 6412 207
3718 5910 5961
5357 8945 3133
8554 9372 8358
2011 2044 4123
2836 5735 4014
1425 6019 1769
1989 5707 7303
2250 8988 2874
3726 9312 1899
2060 4229 1360
2599 6924 9989
4605 7873 9745
1616 9180 4605
8540 8822 8603
6953 8069 2355
2167 6340 2447
1045 7944 6181
2547 7258 5299
3561 9930 5194
5551 9027 196
2566 7724 5546
129 8580 235
3246 6797 7006
873 7738 1843
1454 9250 311
862 8878 2589
6807 9214 2157
772 9180 5834
4515 7495 8924
499 6146 9178
338 2233 6804
4650 8564 465
688 9145 6942
2009 5187 7296
6963 8235 2945
3676 7732 6958
1601 9306 4751
610 8129 9978
265 8920 5512
2628 4073 9603
3353 9826 3610
6330 7561 3873
1356 8758 6488
562 6278 9708
2673 9126 1191
4915 7226 586
432 6311 6691
1992 7631 8392
613 8496 8281
919 9899 6961
5307 9295 1921
43 8106 7764
1802 4624 8372
2403 2636 7101
789 9530 2145
7029 7922 7464
5494 7032 1996
2329 8577 4251
452 3883 3710
1751 9398 5648
4558 9103 1947
1041 8641 6705
2140 2866 9442
2323 7867 748
710 5943 4270
3207 4272 6599
9 8684 7396
970 9904 1412
2145 9925 2272
3166 8614 5486
3192 8158 3360
5016 7822 6800
470 2251 2382
648 9940 240
876 5099 6435
6907 8349 2157
381 5223 7990
3469 3772 3329
215 3679 213
720 4510 9626
5389 7233 2177
6721 8334 2490
4809 9135 1977
1274 2496 1712
3032 8728 8795
3821 8731 5372
5548 6885 5256
2256 8770 6796
116 9970 4242
2141 5347 4952
4755 8970 7276
2662 3255 3162
972 9326 9312
3306 4698 7873
2107 5773 6888
5446 7439 3330
23 9040 3797
2583 5998 8389
4790 8911 2164
382 2460 3747
2503 6820 4973
4886 9108 9203
349 9692 3236
72 9951 5805
1966 8672 7150
3654 7698 3704
1969 8469 7625
2308 9640 9604
150 6994 6619
1069 2733 5232
4181 8178 1422
1278 1712 3717
4839 5845 8255
5685 7304 9715
2478 7556 3456
633 9293 4626
2636 6747 4946
5136 9485 3321
8890 9525 5602
194 9850 3327
1732 7934 7798
110 7762 8995
3409 6424 7375
7144 9372 1305
85 8349 2307
3111 9484 9971
1720 8683 4923
6546 8762 15
513 6060 7284
1402 2478 5245
3621 7666 3996
805 7994 4862
3681 9993 4340
3185 5524 4723
4281 9430 9111
6776 8224 7357
1725 8586 461
412 9883 5102
2010 7038 8180
2799 6340 9017
1393 6482 2844
3511 8764 4732
2192 6657 1100
1894 7206 202
464 9878 5401
300
2840 6186 2856
2772 3543 4488
355 7626 4299
2494 5456 9256
7350 9987 1314
5355 7451 3799
7899 8198 7211
3208 9281 544
5560 6732 4821
3286 6283 402
8686 8821 9593
2363 7894 2364
8733 9069 6341
3031 4524 8835
862 2287 6184
6216 9952 9986
765 3750 7884
6398 7312 7443
7856 9481 3003
2766 9028 5637
5782 7804 4457
5374 5697 3171
4090 4429 2239
430 3812 3114
5616 6098 3975
2401 8152 6542
6151 8137 7307
2373 9814 56
6167 7669 9536
3049 9169 2302
1158 8830 105
555 5614 5801
996 8785 6581
7375 7778 392
489 3393 2841
4463 7896 5242
1005 2385 7744
4663 4757 7557
923 4718 1578
4253 6444 978
6554 7601 9807
3010 9566 6713
4702 5162 7709
1743 2077 5486
2565 8486 5230
1327 3379 3126
735 2920 5510
1749 7015 6618
4571 6466 3892
2500 7071 6687
3624 9829 639
2986 5987 205
2700 8147 4906
6241 6760 3334
1079 8597 2250
178 2405 5629
1676 3303 2715
5164 8690 4464
8133 9612 7281
8377 8464 4351
5063 8292 4327
4279 5702 7312
2258 3330 1810
89 7163 8051
5037 6849 9129
5214 9098 7885
1078 4869 5912
3793 6384 4601
4517 4608 564
1888 2893 9027
4307 6239 7319
565 6360 7949
4228 8617 1278
2132 6037 7718
439 8980 2754
5919 8077 4319
155 5507 9187
5651 6066 5571
258 7018 87
7582 8497 9331
1087 6608 3637
278 8003 9997
2230 4578 4965
4619 5855 7096
5057 9924 6075
7328 9029 504
3348 7482 6010
2534 3548 1660
565 8104 8269
4542 8146 3117
224 1106 4204
213 7735 2206
2313 6561 788
1525 4519 5406
4443 8621 6814
1047 3471 4141
1550 3170 1623
3911 5704 5170
159 1922 2086
4701 6542 6584
1276 9659 7689
1488 3862 5423
2419 8048 4087
3206 5925 8606
4545 8611 9400
1943 5425 9222
5917 9845 2392
3755 7539 4447
2029 9060 4605
7498 8570 5657
4081 4580 6933
1769 8441 8420
3543 7212 2820
417 3982 8744
2587 5380 9640
7156 8338 1582
3072 7559 1426
6302 6963 1533
748 2374 3561
5353 9871 8482
1009 3951 3062
2071 4293 7854
5614 9065 5065
1884 9595 5482
6979 8533 7213
3222 6618 4368
780 4551 3791
2329 3434 753
213 4181 3127
3773 5885 2997
3246 8606 6948
1667 7538 9018
5873 6602 983
937 4837 6929
1815 2770 1813
4784 6334 5034
701 5687 2166
4492 8015 5599
5244 8227 6131
4722 8351 2016
6956 7719 1613
1018 4975 9150
847 6387 2104
3722 8135 3292
650 7257 5107
2463 3590 6242
643 3848 1928
5134 6013 6294
1611 6729 4520
4094 7803 9222
1873 6109 6178
2890 4073 7504
3222 5628 4702
1677 9349 9188
1321 6351 6444
2779 5165 6386
9012 9020 7028
5025 7300 8513
2987 3593 1593
7080 8113 9395
7334 9540 1267
3612 9863 508
3186 3718 6136
1214 8419 1836
2534 7607 4538
402 5312 9702
4332 6787 5066
166 1631 6442
1575 5030 9428
6623 9687 2860
3373 6017 2399
7284 9587 2363
3305 4143 5548
1723 6630 6761
5681 8466 5647
6083 9355 958
5409 9221 1641
474 5739 3271
768 6915 1198
2694 7390 884
1905 9759 608
656 3394 195
3018 7536 9851
4166 4917 1573
8029 8983 3606
3675 8337 6040
985 3745 5260
570 2625 7350
2248 7484 8118
3445 6530 5507
4328 4786 5265
1288 5441 5010
4810 7834 2546
7684 9726 6711
4107 5608 2045
7781 9213 6733
5252 8765 478
1390 6864 1047
4213 9989 4883
3433 8682 7764
4112 4189 2549
5399 5805 7990
815 9584 2799
7267 9712 8877
2774 9227 2983
4818 8439 7115
43 1550 5880
3258 8379 3621
3822 5778 3609
660 2504 7041
3044 4775 7504
5200 7323 2903
1664 6014 2486
815 2077 6105
4850 9691 5331
2673 6019 121
6139 7569 6515
2018 2299 6124
1990 8076 9946
1950 5087 2449
5342 9861 5492
2846 3536 691
5199 5748 3057
2365 4585 5133
2055 7041 6335
1079 2371 2353
7218 8844 6273
1710 5587 8572
3929 7834 2999
5878 7779 8086
227 1220 4298
2070 4065 7833
6164 9112 9384
2168 7100 8100
3653 4141 155
2863 9987 7585
8058 8691 1154
4964 9768 6741
7601 9887 669
2885 5379 2898
1957 7322 4117
1620 4026 4533
3137 5804 7048
1539 1657 500
1661 9639 4640
6145 7999 3854
81 6689 8264
1235 8004 8031
4327 7890 5631
1347 7127 7361
4244 4448 5669
2419 4713 6046
4575 5597 5534
2645 6113 7190
2103 9496 8850
487 4599 6848
4340 4680 9889
2266 2603 7892
6592 6985 2134
4290 8967 9260
2679 8533 59
8347 9597 2478
1546 4392 7052
542 9926 9516
37 3467 7971
523 2317 8921
1214 5516 3600
169 1756 2217
7153 9648 8808
1781 6120 9449
1040 5150 4334
3497 7450 3930
7888 9927 5475
3330 4165 2368
7632 9198 2404
3520 6300 2926
2440 8167 4140
6040 9923 4308
8256 9570 7812
3416 7702 283
2864 5093 5433
2542 3549 8929
7479 8821 3168
2150 9305 3685
1673 7699 1316
428 1218 7615
3354 3658 2133
3845 6049 2055
656 4504 7976
2315 4071 5677
2598 3287 7121
3187 4382 9663
7017 9662 8483
6322 9181 6984
2865 4346 4683
1125 4180 5900
4478 8146 9557
279 4674 1957
2333 9177 2613
1492 6661 3035
300
2 5 4
4 7 7
6 9 10
8 11 13
10 13 16
12 15 19
14 17 22
16 19 25
18 21 28
20 23 31
22 25 34
24 27 37
26 29 40
28 31 43
30 33 46
32 35 49
34 37 52
36 39 55
38 41 58
40 43 61
42 45 64
44 47 67
46 49 70
48 51 73
50 53 76
52 55 79
54 57 82
56 59 85
58 61 88
60 63 91
62 65 94
64 67 97
66 69 100
68 71 103
70 73 106
72 75 109
74 77 112
76 79 115
78 81 118
80 83 121
82 85 124
84 87 127
86 89 130
88 91 133
90 93 136
92 95 139
94 97 142
96 99 145
98 101 148
100 103 151
102 105 154
104 107 157
106 109 160
108 111 163
110 113 166
112 115 169
114 117 172
116 119 175
118 121 178
120 123 181
122 125 184
124 127 187
126 129 190
128 131 193
130 133 196
132 135 199
134 137 202
136 139 205
138 141 208
140 143 211
142 145 214
144 147 217
146 149 220
148 151 223
150 153 226
152 155 229
154 157 232
156 159 235
158 161 238
160 163 241
162 165 244
164 167 247
166 169 250
168 171 253
170 173 256
172 175 259
174 177 262
176 179 265
178 181 268
180 183 271
182 185 274
184 187 277
186 189 280
188 191 283
190 193 286
192 195 289
194 197 292
196 199 295
198 201 298
200 203 301
202 205 304
204 207 307
206 209 310
208 211 313
210 213 316
212 215 319
214 217 322
216 219 325
218 221 328
220 223 331
222 225 334
224 227 337
226 229 340
228 231 343
230 233 346
232 235 349
234 237 352
236 239 355
238 241 358
240 243 361
242 245 364
244 247 367
246 249 370
248 251 373
250 253 376
252 255 379
254 257 382
256 259 385
258 261 388
260 263 391
262 265 394
264 267 397
266 269 400
268 271 403
270 273 406
272 275 409
274 277 412
276 279 415
278 281 418
280 283 421
282 285 424
284 287 427
286 289 430
288 291 433
290 293 436
292 295 439
294 297 442
296 299 445
298 301 448
300 303 451
302 305 454
304 307 457
306 309 460
308 311 463
310 313 466
312 315 469
314 317 472
316 319 475
318 321 478
320 323 481
322 325 484
324 327 487
326 329 490
328 331 493
330 333 496
332 335 499
334 337 502
336 339 505
338 341 508
340 343 511
342 345 514
344 347 517
346 349 520
348 351 523
350 353 526
352 355 529
354 357 532
356 359 535
358 361 538
360 363 541
362 365 544
364 367 547
366 369 550
368 371 553
370 373 556
372 375 559
374 377 562
376 379 565
378 381 568
380 383 571
382 385 574
384 387 577
386 389 580
388 391 583
390 393 586
392 395 589
394 397 592
396 399 595
398 401 598
400 403 601
402 405 604
404 407 607
406 409 610
408 411 613
410 413 616
412 415 619
414 417 622
416 419 625
418 421 628
420 423 631
422 425 634
424 427 637
426 429 640
428 431 643
430 433 646
432 435 649
434 437 652
436 439 655
438 441 658
440 443 661
442 445 664
444 447 667
446 449 670
448 451 673
450 453 676
452 455 679
454 457 682
456 459 685
458 461 688
460 463 691
462 465 694
464 467 697
466 469 700
468 471 703
470 473 706
472 475 709
474 477 712
476 479 715
478 481 718
480 483 721
482 485 724
484 487 727
486 489 730
488 491 733
490 493 736
492 495 739
494 497 742
496 499 745
498 501 748
500 503 751
502 505 754
504 507 757
506 509 760
508 511 763
510 513 766
512 515 769
514 517 772
516 519 775
518 521 778
520 523 781
522 525 784
524 527 787
526 529 790
528 531 793
530 533 796
532 535 799
534 537 802
536 539 805
538 541 808
540 543 811
542 545 814
544 547 817
546 549 820
548 551 823
550 553 826
552 555 829
554 557 832
556 559 835
558 561 838
560 563 841
562 565 844
564 567 847
566 569 850
568 571 853
570 573 856
572 575 859
574 577 862
576 579 865
578 581 868
580 583 871
582 585 874
584 587 877
586 589 880
588 591 883
590 593 886
592 595 889
594 597 892
596 599 895
598 601 898
600 603 901
300
1 6000 1
11 5999 3
21 5998 5
31 5997 7
41 5996 9
51 5995 11
61 5994 13
71 5993 15
81 5992 17
91 5991 19
101 5990 21
111 5989 23
121 5988 25
131 5987 27
141 5986 29
151 5985 31
161 5984 33
171 5983 35
181 5982 37
191 5981 39
201 5980 41
211 5979 43
221 5978 45
231 5977 47
241 5976 49
251 5975 51
261 5974 53
271 5973 55
281 5972 57
291 5971 59
301 5970 61
311 5969 63
321 5968 65
331 5967 67
341 5966 69
351 5965 71
361 5964 73
371 5963 75
381 5962 77
391 5961 79
401 5960 81
411 5959 83
421 5958 85
431 5957 87
441 5956 89
451 5955 91
461 5954 93
471 5953 95
481 5952 97
491 5951 99
501 5950 101
511 5949 103
521 5948 105
531 5947 107
541 5946 109
551 5945 111
561 5944 113
571 5943 115
581 5942 117
591 5941 119
601 5940 121
611 5939 123
621 5938 125
631 5937 127
641 5936 129
651 5935 131
661 5934 133
671 5933 135
681 5932 137
691 5931 139
701 5930 141
711 5929 143
721 5928 145
731 5927 147
741 5926 149
751 5925 151
761 5924 153
771 5923 155
781 5922 157
791 5921 159
801 5920 161
811 5919 163
821 5918 165
831 5917 167
841 5916 169
851 5915 171
861 5914 173
871 5913 175
881 5912 177
891 5911 179
901 5910 181
911 5909 183
921 5908 185
931 5907 187
941 5906 189
951 5905 191
961 5904 193
971 5903 195
981 5902 197
991 5901 199
1001 5900 201
1011 5899 203
1021 5898 205
1031 5897 207
1041 5896 209
1051 5895 211
1061 5894 213
1071 5893 215
1081 5892 217
1091 5891 219
1101 5890 221
1111 5889 223
1121 5888 225
1131 5887 227
1141 5886 229
1151 5885 231
1161 5884 233
1171 5883 235
1181 5882 237
1191 5881 239
1201 5880 241
1211 5879 243
1221 5878 245
1231 5877 247
1241 5876 249
1251 5875 251
1261 5874 253
1271 5873 255
1281 5872 257
1291 5871 259
1301 5870 261
1311 5869 263
1321 5868 265
1331 5867 267
1341 5866 269
1351 5865 271
1361 5864 273
1371 5863 275
1381 5862 277
1391 5861 279
1401 5860 281
1411 5859 283
1421 5858 285
1431 5857 287
1441 5856 289
1451 5855 291
1461 5854 293
1471 5853 295
1481 5852 297
1491 5851 299
1501 5850 301
1511 5849 303
1521 5848 305
1531 5847 307
1541 5846 309
1551 5845 311
1561 5844 313
1571 5843 315
1581 5842 317
1591 5841 319
1601 5840 321
1611 5839 323
1621 5838 325
1631 5837 327
1641 5836 329
1651 5835 331
1661 5834 333
1671 5833 335
1681 5832 337
1691 5831 339
1701 5830 341
1711 5829 343
1721 5828 345
1731 5827 347
1741 5826 349
1751 5825 351
1761 5824 353
1771 5823 355
1781 5822 357
1791 5821 359
1801 5820 361
1811 5819 363
1821 5818 365
1831 5817 367
1841 5816 369
1851 5815 371
1861 5814 373
1871 5813 375
1881 5812 377
1891 5811 379
1901 5810 381
1911 5809 383
1921 5808 385
1931 5807 387
1941 5806 389
1951 5805 391
1961 5804 393
1971 5803 395
1981 5802 397
1991 5801 399
2001 5800 401
2011 5799 403
2021 5798 405
2031 5797 407
2041 5796 409
2051 5795 411
2061 5794 413
2071 5793 415
2081 5792 417
2091 5791 419
2101 5790 421
2111 5789 423
2121 5788 425
2131 5787 427
2141 5786 429
2151 5785 431
2161 5784 433
2171 5783 435
2181 5782 437
2191 5781 439
2201 5780 441
2211 5779 443
2221 5778 445
2231 5777 447
2241 5776 449
2251 5775 451
2261 5774 453
2271 5773 455
2281 5772 457
2291 5771 459
2301 5770 461
2311 5769 463
2321 5768 465
2331 5767 467
2341 5766 469
2351 5765 471
2361 5764 473
2371 5763 475
2381 5762 477
2391 5761 479
2401 5760 481
2411 5759 483
2421 5758 485
2431 5757 487
2441 5756 489
2451 5755 491
2461 5754 493
2471 5753 495
2481 5752 497
2491 5751 499
2501 5750 501
2511 5749 503
2521 5748 505
2531 5747 507
2541 5746 509
2551 5745 511
2561 5744 513
2571 5743 515
2581 5742 517
2591 5741 519
2601 5740 521
2611 5739 523
2621 5738 525
2631 5737 527
2641 5736 529
2651 5735 531
2661 5734 533
2671 5733 535
2681 5732 537
2691 5731 539
2701 5730 541
2711 5729 543
2721 5728 545
2731 5727 547
2741 5726 549
2751 5725 551
2761 5724 553
2771 5723 555
2781 5722 557
2791 5721 559
2801 5720 561
2811 5719 563
2821 5718 565
2831 5717 567
2841 5716 569
2851 5715 571
2861 5714 573
2871 5713 575
2881 5712 577
2891 5711 579
2901 5710 581
2911 5709 583
2921 5708 585
2931 5707 587
2941 5706 589
2951 5705 591
2961 5704 593
2971 5703 595
2981 5702 597
2991 5701 599
300
1 901 300
2 902 301
3 903 302
4 904 303
5 905 304
6 906 305
7 907 306
8 908 307
9 909 308
10 910 309
11 911 310
12 912 311
13 913 312
14 914 313
15 915 314
16 916 315
17 917 316
18 918 317
19 919 318
20 920 319
21 921 320
22 922 321
23 923 322
24 924 323
25 925 324
26 926 325
27 927 326
28 928 327
29 929 328
30 930 329
31 931 330
32 932 331
33 933 332
34 934 333
35 935 334
36 936 335
37 937 336
38 938 337
39 939 338
40 940 339
41 941 340
42 942 341
43 943 342
44 944 343
45 945 344
46 946 345
47 947 346
48 948 347
49 949 348
50 950 349
51 951 350
52 952 351
53 953 352
54 954 353
55 955 354
56 956 355
57 957 356
58 958 357
59 959 358
60 960 359
61 961 360
62 962 361
63 963 362
64 964 363
65 965 364
66 966 365
67 967 366
68 968 367
69 969 368
70 970 369
71 971 370
72 972 371
73 973 372
74 974 373
75 975 374
76 976 375
77 977 376
78 978 377
79 979 378
80 980 379
81 981 380
82 982 381
83 983 382
84 984 383
85 985 384
86 986 385
87 987 386
88 988 387
89 989 388
90 990 389
91 991 390
92 992 391
93 993 392
94 994 393
95 995 394
96 996 395
97 997 396
98 998 397
99 999 398
100 1000 399
101 1001 400
102 1002 401
103 1003 402
104 1004 403
105 1005 404
106 1006 405
107 1007 406
108 1008 407
109 1009 408
110 1010 409
111 1011 410
112 1012 411
113 1013 412
114 1014 413
115 1015 414
116 1016 415
117 1017 416
118 1018 417
119 1019 418
120 1020 419
121 1021 420
122 1022 421
123 1023 422
124 1024 423
125 1025 424
126 1026 425
127 1027 426
128 1028 427
129 1029 428
130 1030 429
131 1031 430
132 1032 431
133 1033 432
134 1034 433
135 1035 434
136 1036 435
137 1037 436
138 1038 437
139 1039 438
140 1040 439
141 1041 440
142 1042 441
143 1043 442
144 1044 443
145 1045 444
146 1046 445
147 1047 446
148 1048 447
149 1049 448
150 1050 449
451 751 750
452 752 751
453 753 752
454 754 753
455 755 754
456 756 755
457 757 756
458 758 757
459 759 758
460 760 759
461 761 760
462 762 761
463 763 762
464 764 763
465 765 764
466 766 765
467 767 766
468 768 767
469 769 768
470 770 769
471 771 770
472 772 771
473 773 772
474 774 773
475 775 774
476 776 775
477 777 776
478 778 777
479 779 778
480 780 779
481 781 780
482 782 781
483 783 782
484 784 783
485 785 784
486 786 785
487 787 786
488 788 787
489 789 788
490 790 789
491 791 790
492 792 791
493 793 792
494 794 793
495 795 794
496 796 795
497 797 796
498 798 797
499 799 798
500 800 799
501 801 800
502 802 801
503 803 802
504 804 803
505 805 804
506 806 805
507 807 806
508 808 807
509 809 808
510 810 809
511 811 810
512 812 811
513 813 812
514 814 813
515 815 814
516 816 815
517 817 816
518 818 817
519 819 818
520 820 819
521 821 820
522 822 821
523 823 822
524 824 823
525 825 824
526 826 825
527 827 826
528 828 827
529 829 828
530 830 829
531 831 830
532 832 831
533 833 832
534 834 833
535 835 834
536 836 835
537 837 836
538 838 837
539 839 838
540 840 839
541 841 840
542 842 841
543 843 842
544 844 843
545 845 844
546 846 845
547 847 846
548 848 847
549 849 848
550 850 849
551 851 850
552 852 851
553 853 852
554 854 853
555 855 854
556 856 855
557 857 856
558 858 857
559 859 858
560 860 859
561 861 860
562 862 861
563 863 862
564 864 863
565 865 864
566 866 865
567 867 866
568 868 867
569 869 868
570 870 869
571 871 870
572 872 871
573 873 872
574 874 873
575 875 874
576 876 875
577 877 876
578 878 877
579 879 878
580 880 879
581 881 880
582 882 881
583 883 882
584 884 883
585 885 884
586 886 885
587 887 886
588 888 887
589 889 888
590 890 889
591 891 890
592 892 891
593 893 892
594 894 893
595 895 894
596 896 895
597 897 896
598 898 897
599 899 898
600 900 899
300
1 900 1
899 901 600
902 1800 1
2 898 2
897 903 599
904 1801 4
3 896 3
895 905 598
906 1802 7
4 894 4
893 907 597
908 1803 10
5 892 5
891 909 596
910 1804 13
6 890 6
889 911 595
912 1805 16
7 888 7
887 913 594
914 1806 19
8 886 8
885 915 593
916 1807 22
9 884 9
883 917 592
918 1808 25
10 882 10
881 919 591
920 1809 28
11 880 11
879 921 590
922 1810 31
12 878 12
877 923 589
924 1811 34
13 876 13
875 925 588
926 1812 37
14 874 14
873 927 587
928 1813 40
15 872 15
871 929 586
930 1814 43
16 870 16
869 931 585
932 1815 46
17 868 17
867 933 584
934 1816 49
18 866 18
865 935 583
936 1817 52
19 864 19
863 937 582
938 1818 55
20 862 20
861 939 581
940 1819 58
21 860 21
859 941 580
942 1820 61
22 858 22
857 943 579
944 1821 64
23 856 23
855 945 578
946 1822 67
24 854 24
853 947 577
948 1823 70
25 852 25
851 949 576
950 1824 73
26 850 26
849 951 575
952 1825 76
27 848 27
847 953 574
954 1826 79
28 846 28
845 955 573
956 1827 82
29 844 29
843 957 572
958 1828 85
30 842 30
841 959 571
960 1829 88
31 840 31
839 961 570
962 1830 91
32 838 32
837 963 569
964 1831 94
33 836 33
835 965 568
966 1832 97
34 834 34
833 967 567
968 1833 100
35 832 35
831 969 566
970 1834 103
36 830 36
829 971 565
972 1835 106
37 828 37
827 973 564
974 1836 109
38 826 38
825 975 563
976 1837 112
39 824 39
823 977 562
978 1838 115
40 822 40
821 979 561
980 1839 118
41 820 41
819 981 560
982 1840 121
42 818 42
817 983 559
984 1841 124
43 816 43
815 985 558
986 1842 127
44 814 44
813 987 557
988 1843 130
45 812 45
811 989 556
990 1844 133
46 810 46
809 991 555
992 1845 136
47 808 47
807 993 554
994 1846 139
48 806 48
805 995 553
996 1847 142
49 804 49
803 997 552
998 1848 145
50 802 50
801 999 551
1000 1849 148
51 800 51
799 1001 550
1002 1850 151
52 798 52
797 1003 549
1004 1851 154
53 796 53
795 1005 548
1006 1852 157
54 794 54
793 1007 547
1008 1853 160
55 792 55
791 1009 546
1010 1854 163
56 790 56
789 1011 545
1012 1855 166
57 788 57
787 1013 544
1014 1856 169
58 786 58
785 1015 543
1016 1857 172
59 784 59
783 1017 542
1018 1858 175
60 782 60
781 1019 541
1020 1859 178
61 780 61
779 1021 540
1022 1860 181
62 778 62
777 1023 539
1024 1861 184
63 776 63
775 1025 538
1026 1862 187
64 774 64
773 1027 537
1028 1863 190
65 772 65
771 1029 536
1030 1864 193
66 770 66
769 1031 535
1032 1865 196
67 768 67
767 1033 534
1034 1866 199
68 766 68
765 1035 533
1036 1867 202
69 764 69
763 1037 532
1038 1868 205
70 762 70
761 1039 531
1040 1869 208
71 760 71
759 1041 530
1042 1870 211
72 758 72
757 1043 529
1044 1871 214
73 756 73
755 1045 528
1046 1872 217
74 754 74
753 1047 527
1048 1873 220
75 752 75
751 1049 526
1050 1874 223
76 750 76
749 1051 525
1052 1875 226
77 748 77
747 1053 524
1054 1876 229
78 746 78
745 1055 523
1056 1877 232
79 744 79
743 1057 522
1058 1878 235
80 742 80
741 1059 521
1060 1879 238
81 740 81
739 1061 520
1062 1880 241
82 738 82
737 1063 519
1064 1881 244
83 736 83
735 1065 518
1066 1882 247
84 734 84
733 1067 517
1068 1883 250
85 732 85
731 1069 516
1070 1884 253
86 730 86
729 1071 515
1072 1885 256
87 728 87
727 1073 514
1074 1886 259
88 726 88
725 1075 513
1076 1887 262
89 724 89
723 1077 512
1078 1888 265
90 722 90
721 1079 511
1080 1889 268
91 720 91
719 1081 510
1082 1890 271
92 718 92
717 1083 509
1084 1891 274
93 716 93
715 1085 508
1086 1892 277
94 714 94
713 1087 507
1088 1893 280
95 712 95
711 1089 506
1090 1894 283
96 710 96
709 1091 505
1092 1895 286
97 708 97
707 1093 504
1094 1896 289
98 706 98
705 1095 503
1096 1897 292
99 704 99
703 1097 502
1098 1898 295
100 702 100
701 1099 501
1100 1899 298
