100
111
272
299
482
483
514
573
583
594
612
673
674
727
821
993
1223
1235
1282
1649
1709
10069
10079
10131
10137
10154
10165
10189
10194
10258
10327
10334
10363
10401
10405
10433
10469
10496
10534
10670
10677
10687
10810
10911
10954
11230
11340
11350
11462
11495
11514
11547
11616
11677
11764
11841
11966
12086
12637
12638
12639
12640
12641
12642
12643
12644
12645
12668
12670
12671
12673
12783
12784
12785
12786
12787
12788
12918
12940
12942
12943
12944
12945
12946
12947
12948
13004
13005
13006
13007
13008
13009
13010
13011
13012
13014
13017
13022
13057
13058
13059
13061
13062
13067
13068
