50
6
0.27 0.55 0.91 0.33 0.52 0.30
0.85 0.45 0.06 0.24 0.12 0.88
10
0.164 0.255 0.009 0.445 0.209 0.100 0.391 0.536 0.027 0.118
0.673 0.782 0.582 0.882 0.591 0.855 0.745 0.955 0.991 0.600
7
0.80 0.48 0.76 0.68 0.16 0.64 0.36
0.20 0.44 0.96 0.28 0.88 0.52 0.12
6
0.17 0.10 0.12 0.20 0.54 0.15
0.49 0.07 0.24 0.68 0.61 0.34
10
0.78 0.77 0.90 0.81 0.88 0.84 0.60 0.73 0.93 0.99
0.27 0.15 0.26 0.51 0.57 0.31 0.17 0.14 0.40 0.04
10
0.32 0.82 0.35 0.77 0.02 0.55 0.04 0.99 0.61 0.19
0.73 0.53 0.75 0.80 0.67 0.87 0.33 0.25 0.08 0.68
8
0.51 0.10 0.38 0.05 0.21 0.13 0.44 0.18
0.56 0.92 0.54 0.90 0.67 0.79 0.82 0.97
1
0.42
0.08
10
0.69 0.31 0.54 0.23 0.71 0.03 0.49 0.60 0.51 0.86
0.83 0.34 0.37 0.74 0.43 0.20 0.09 0.17 0.91 0.40
10
0.30 0.92 0.71 0.13 0.23 0.62 0.14 0.26 0.36 0.31
0.44 0.01 0.64 0.35 0.82 0.55 0.78 0.79 0.06 0.57
10
0.504 0.218 0.479 0.101 0.050 0.445 0.471 0.084 0.034 0.008
0.992 0.546 0.647 0.849 0.891 0.739 0.765 0.555 0.613 0.748
10
0.57 0.47 0.64 0.55 0.06 0.43 0.04 0.28 0.13 0.51
0.70 0.74 0.77 0.81 0.87 0.79 0.94 0.91 0.85 0.66
10
0.20 0.02 0.51 0.12 0.22 0.25 0.10 0.49 0.53 0.35
0.80 0.96 0.76 0.82 0.71 0.57 0.94 0.69 0.90 0.55
10
0.26 0.03 0.36 0.41 0.33 0.43 0.54 0.30 0.28 0.10
0.77 0.91 0.70 0.55 0.59 0.78 0.65 0.86 0.75 0.99
10
0.92 0.37 0.90 0.20 0.15 0.02 0.53 0.86 0.25 0.19
0.17 0.98 0.14 0.68 0.83 0.47 0.95 0.34 0.88 0.54
9
0.51 0.02 0.49 0.28 0.08 0.83 0.17 0.14 0.85
0.42 0.65 0.95 0.89 0.03 0.58 0.38 0.06 0.37
10
0.67 0.05 0.59 0.33 0.82 0.03 0.74 0.56 0.95 0.62
0.21 0.38 0.77 0.08 0.26 0.64 0.46 0.79 0.31 0.41
7
0.84 0.80 0.42 0.58 0.67 0.07 0.36
0.69 0.87 0.31 0.60 0.76 0.20 0.38
7
0.45 0.38 0.28 0.59 0.62 0.23 0.81
0.32 0.19 0.68 0.14 0.09 0.94 0.17
10
0.207 0.288 0.180 0.595 0.748 0.459 0.802 0.387 0.027 0.090
0.450 0.982 0.694 0.613 0.486 0.423 0.685 0.847 0.432 0.604
10
0.75 0.97 0.82 0.84 0.68 0.78 0.73 0.27 0.22 0.15
0.13 0.92 0.39 0.32 0.23 0.08 0.80 0.33 0.72 0.59
10
0.26 0.14 0.60 0.95 0.16 0.65 0.58 0.91 0.23 0.02
0.12 0.51 0.53 0.28 0.35 0.07 0.40 0.93 0.49 0.09
10
0.545 0.527 0.500 0.727 0.018 0.400 0.191 0.982 0.409 0.591
0.945 0.745 0.355 0.673 0.045 0.118 0.682 0.827 0.645 0.482
8
0.93 0.98 0.47 0.81 0.83 0.46 0.51 0.54
0.49 0.64 0.17 0.29 0.14 0.44 0.59 0.76
1
0.58
0.33
9
0.64 0.82 0.70 0.48 0.52 0.61 0.06 0.24 0.30
0.55 0.45 0.09 0.03 0.85 0.67 0.76 0.36 0.79
1
0.8
0.9
10
0.34 0.10 0.04 0.11 0.65 0.25 0.57 0.48 0.15 0.80
0.55 0.02 0.92 0.08 0.70 0.36 0.91 0.71 0.82 0.85
10
0.34 0.89 0.06 0.09 0.75 0.73 0.81 0.95 0.66 0.39
0.53 0.97 0.61 0.67 0.69 0.38 0.59 0.30 0.72 0.11
9
0.87 0.60 0.86 0.83 0.68 0.81 0.70 0.92 0.76
0.17 0.51 0.33 0.05 0.24 0.03 0.41 0.48 0.52
10
0.94 0.72 0.81 0.22 0.28 0.53 0.44 0.16 0.88 0.97
0.12 0.03 0.47 0.56 0.38 0.34 0.69 0.09 0.25 0.75
10
0.41 0.36 0.23 0.14 0.18 0.05 0.50 0.27 0.09 0.45
0.68 0.95 0.91 0.86 0.73 0.55 0.59 0.82 0.64 0.77
10
0.278 0.852 0.370 0.824 0.389 0.704 0.546 0.204 0.296 0.056
0.833 0.315 0.991 0.028 0.907 0.630 0.361 0.037 0.065 0.954
10
0.713 0.657 0.778 0.435 0.565 0.870 0.963 0.343 0.481 0.593
0.287 0.333 0.454 0.130 0.370 0.759 0.176 0.611 0.231 0.398
7
0.59 0.75 0.65 0.90 0.74 0.88 0.85
0.40 0.07 0.54 0.38 0.57 0.15 0.49
10
0.11 0.92 0.54 0.84 0.38 0.77 0.90 0.49 0.87 0.75
0.62 0.48 0.33 0.44 0.89 0.13 0.43 0.08 0.34 0.56
10
0.48 0.65 0.77 0.69 0.72 0.56 0.66 0.55 0.51 0.73
0.31 0.44 0.30 0.06 0.20 0.42 0.03 0.07 0.11 0.14
4
0.90 0.68 0.60 0.80
0.35 0.05 0.17 0.88
5
0.73 0.91 0.45 0.64 0.09
0.55 0.36 0.27 0.82 0.18
10
0.53 0.74 0.41 0.32 0.82 0.97 0.62 0.50 0.71 0.09
0.18 0.76 0.38 0.15 0.47 0.21 0.56 0.12 0.59 0.44
10
0.487 0.092 0.714 0.160 0.504 0.277 0.479 0.605 0.462 0.832
0.210 0.824 0.118 0.387 0.664 0.874 0.445 0.739 0.546 0.017
1
0.1
0.4
10
0.688 0.872 0.615 0.477 0.734 0.624 0.394 0.532 0.954 0.817
0.193 0.119 0.349 0.073 0.037 0.009 0.128 0.303 0.046 0.064
10
0.91 0.55 0.30 0.57 0.92 0.40 0.45 0.15 0.11 0.19
0.09 0.79 0.89 0.74 0.85 0.94 0.34 0.38 0.72 0.26
10
0.723 0.639 0.824 0.697 0.840 0.882 0.437 0.782 0.588 0.218
0.345 0.151 0.067 0.849 0.815 0.235 0.521 0.765 0.950 0.681
7
0.20 0.15 0.35 0.09 0.11 0.33 0.22
0.39 0.46 0.85 0.70 0.57 0.61 0.50
10
0.85 0.79 0.55 0.38 0.30 0.40 0.77 0.74 0.32 0.57
0.26 0.21 0.11 0.13 0.02 0.04 0.23 0.19 0.09 0.06
10
0.961 0.330 0.010 0.816 0.583 0.913 0.893 0.951 0.126 0.398
0.767 0.029 0.262 0.641 0.175 0.544 0.359 0.932 0.680 0.476
1
0.3
0.7
10
0.24 0.05 0.19 0.11 0.92 0.59 0.73 0.38 0.78 0.95
0.86 0.70 0.43 0.62 0.22 0.54 0.41 0.89 0.68 0.49
